6576.81
6577.50
6578.19
6578.88
6579.57
6580.27
6580.96
6581.65
6582.34
6583.04
6583.73
6584.42
6585.11
6585.81
6586.50
6587.19
6587.88
6588.57
6589.27
6589.96
6590.65
6591.34
6592.04
6592.73
6593.42
6594.11
6594.81
6595.50
6596.19
6596.88
6597.57
6598.27
6598.96
6599.65
6600.34
6601.04
6601.73
6602.42
6603.11
6603.81
6604.50
6605.19
6605.88
6606.57
6607.27
6607.96
6608.65
6609.34
6610.04
6610.73
6611.42
6612.11
6612.81
6613.50
6614.19
6614.88
6615.57
6616.27
6616.96
6617.65
6618.34
6619.04
6619.73
6620.42
6621.11
6621.80
6622.50
6623.19
6623.88
6624.57
6625.27
6625.96
6626.65
6627.34
6628.04
6628.73
6629.42
6630.11
6630.80
6631.50
6632.19
6632.88
6633.57
6634.27
6634.96
6635.65
6636.34
6637.04
6637.73
6638.42
6639.11
6639.80
6640.50
6641.19
6641.88
6642.57
6643.27
6643.96
6644.65
6645.34
6646.04
6646.73
6647.42
6648.11
6648.80
6649.50
6650.19
6650.88
6651.57
6652.27
6652.96
6653.65
6654.34
6655.04
6655.73
6656.42
6657.11
6657.80
6658.50
6659.19
6659.88
6660.57
6661.27
6661.96
6662.65
6663.34
6664.03
6664.73
6665.42
6666.11
6666.80
6667.50
6668.19
6668.88
6669.57
6670.27
6670.96
6671.65
6672.34
6673.03
6673.73
6674.42
6675.11
6675.80
6676.50
6677.19
6677.88
6678.57
6679.27
6679.96
6680.65
6681.34
6682.03
6682.73
6683.42
6684.11
6684.80
6685.50
6686.19
6686.88
6687.57
6688.27
6688.96
6689.65
6690.34
6691.03
6691.73
6692.42
6693.11
6693.80
6694.50
6695.19
6695.88
6696.57
6697.27
6697.96
6698.65
6699.34
6700.03
6700.73
6701.42
6702.11
6702.80
6703.50
6704.19
6704.88
6705.57
6706.26
6706.96
6707.65
6708.34
6709.03
6709.73
6710.42
6711.11
6711.80
6712.50
6713.19
6713.88
6714.57
6715.26
6715.96
6716.65
6717.34
6718.03
6718.73
6719.42
6720.11
6720.80
6721.50
6722.19
6722.88
6723.57
6724.26
6724.96
6725.65
6726.34
6727.03
6727.73
6728.42
6729.11
6729.80
6730.50
6731.19
6731.88
6732.57
6733.26
6733.96
6734.65
6735.34
6736.03
6736.73
6737.42
6738.11
6738.80
6739.50
6740.19
6740.88
6741.57
6742.26
6742.96
6743.65
6744.34
6745.03
6745.73
6746.42
6747.11
6747.80
6748.49
6749.19
6749.88
6750.57
6751.26
6751.96
6752.65
6753.34
6754.03
6754.73
6755.42
6756.11
6756.80
6757.49
6758.19
6758.88
6759.57
6760.26
6760.96
6761.65
6762.34
6763.03
6763.73
6764.42
6765.11
6765.80
6766.49
6767.19
6767.88
6768.57
6769.26
6769.96
6770.65
6771.34
6772.03
6772.73
6773.42
6774.11
6774.80
6775.49
6776.19
6776.88
6777.57
6778.26
6778.96
6779.65
6780.34
6781.03
6781.73
6782.42
6783.11
6783.80
6784.49
6785.19
6785.88
6786.57
6787.26
6787.96
6788.65
6789.34
6790.03
6790.72
6791.42
6792.11
6792.80
6793.49
6794.19
6794.88
6795.57
6796.26
6796.96
6797.65
6798.34
6799.03
6799.72
6800.42
6801.11
6801.80
6802.49
6803.19
6803.88
6804.57
6805.26
6805.96
6806.65
6807.34
6808.03
6808.72
6809.42
6810.11
6810.80
6811.49
6812.19
6812.88
6813.57
6814.26
6814.96
6815.65
6816.34
6817.03
6817.72
6818.42
6819.11
6819.80
6820.49
6821.19
6821.88
6822.57
6823.26
6823.96
6824.65
6825.34
6826.03
6826.72
6827.42
6828.11
6828.80
6829.49
6830.19
6830.88
6831.57
6832.26
6832.95
6833.65
6834.34
6835.03
6835.72
6836.42
6837.11
6837.80
6838.49
6839.19
6839.88
6840.57
6841.26
6841.95
6842.65
6843.34
6844.03
6844.72
6845.42
6846.11
6846.80
6847.49
6848.19
6848.88
6849.57
6850.26
6850.95
6851.65
6852.34
6853.03
6853.72
6854.42
6855.11
6855.80
6856.49
6857.19
6857.88
6858.57
6859.26
6859.95
6860.65
6861.34
6862.03
6862.72
6863.42
6864.11
6864.80
6865.49
6866.19
6866.88
6867.57
6868.26
6868.95
6869.65
6870.34
6871.03
6871.72
6872.42
6873.11
6873.80
6874.49
6875.18
6875.88
6876.57
6877.26
6877.95
6878.65
6879.34
6880.03
6880.72
6881.42
6882.11
6882.80
6883.49
6884.18
6884.88
6885.57
6886.26
6886.95
6887.65
6888.34
6889.03
6889.72
6890.42
6891.11
6891.80
6892.49
6893.18
6893.88
6894.57
6895.26
6895.95
6896.65
6897.34
6898.03
6898.72
6899.42
6900.11
6900.80
6901.49
6902.18
6902.88
6903.57
6904.26
6904.95
6905.65
6906.34
6907.03
6907.72
6908.42
6909.11
6909.80
6910.49
6911.18
6911.88
6912.57
6913.26
6913.95
6914.65
6915.34
6916.03
6916.72
6917.41
6918.11
6918.80
6919.49
6920.18
6920.88
6921.57
6922.26
6922.95
6923.65
6924.34
6925.03
6925.72
6926.41
6927.11
6927.80
6928.49
6929.18
6929.88
6930.57
6931.26
6931.95
6932.65
6933.34
6934.03
6934.72
6935.41
6936.11
6936.80
6937.49
6938.18
6938.88
6939.57
6940.26
6940.95
6941.65
6942.34
6943.03
6943.72
6944.41
6945.11
6945.80
6946.49
6947.18
6947.88
6948.57
6949.26
6949.95
6950.65
6951.34
6952.03
6952.72
6953.41
6954.11
6954.80
6955.49
6956.18
6956.88
6957.57
6958.26
6958.95
6959.64
6960.34
6961.03
6961.72
6962.41
6963.11
6963.80
6964.49
6965.18
6965.88
6966.57
6967.26
6967.95
6968.64
6969.34
6970.03
6970.72
6971.41
6972.11
6972.80
6973.49
6974.18
6974.88
6975.57
6976.26
6976.95
6977.64
6978.34
6979.03
6979.72
6980.41
6981.11
6981.80
6982.49
6983.18
6983.88
6984.57
6985.26
6985.95
6986.64
6987.34
6988.03
6988.72
6989.41
6990.11
6990.80
6991.49
6992.18
6992.88
6993.57
6994.26
6994.95
6995.64
6996.34
6997.03
6997.72
6998.41
6999.11
6999.80
7000.49
7001.18
7001.87
7002.57
7003.26
7003.95
7004.64
7005.34
7006.03
7006.72
7007.41
7008.11
7008.80
7009.49
7010.18
7010.87
7011.57
7012.26
7012.95
7013.64
7014.34
7015.03
7015.72
7016.41
7017.11
7017.80
7018.49
7019.18
7019.87
7020.57
7021.26
7021.95
7022.64
7023.34
7024.03
7024.72
7025.41
7026.11
7026.80
7027.49
7028.18
7028.87
7029.57
7030.26
7030.95
7031.64
7032.34
7033.03
7033.72
7034.41
7035.11
7035.80
7036.49
7037.18
7037.87
7038.57
7039.26
7039.95
7040.64
7041.34
7042.03
7042.72
7043.41
7044.10
7044.80
7045.49
7046.18
7046.87
7047.57
7048.26
7048.95
7049.64
7050.34
7051.03
7051.72
7052.41
7053.10
7053.80
7054.49
7055.18
7055.87
7056.57
7057.26
7057.95
7058.64
7059.34
7060.03
7060.72
7061.41
7062.10
7062.80
7063.49
7064.18
7064.87
7065.57
7066.26
7066.95
7067.64
7068.34
7069.03
7069.72
7070.41
7071.10
7071.80
7072.49
7073.18
7073.87
7074.57
7075.26
7075.95
7076.64
7077.34
7078.03
7078.72
7079.41
7080.10
7080.80
7081.49
7082.18
7082.87
7083.57
7084.26
7084.95
7085.64
7086.34
7087.03
7087.72
7088.41
7089.10
7089.80
7090.49
7091.18
7091.87
7092.57
7093.26
7093.95
7094.64
7095.33
7096.03
7096.72
7097.41
7098.10
7098.80
7099.49
7100.18
7100.87
7101.57
7102.26
7102.95
7103.64
7104.33
7105.03
7105.72
7106.41
7107.10
7107.80
7108.49
7109.18
7109.87
7110.57
7111.26
7111.95
7112.64
7113.33
7114.03
7114.72
7115.41
7116.10
7116.80
7117.49
7118.18
7118.87
7119.57
7120.26
7120.95
7121.64
7122.33
7123.03
7123.72
7124.41
7125.10
7125.80
7126.49
7127.18
7127.87
7128.57
7129.26
7129.95
7130.64
7131.33
7132.03
7132.72
7133.41
7134.10
7134.80
7135.49
7136.18
7136.87
7137.56
7138.26
7138.95
7139.64
7140.33
7141.03
7141.72
7142.41
7143.10
7143.80
7144.49
7145.18
7145.87
7146.56
7147.26
7147.95
7148.64
7149.33
7150.03
7150.72
7151.41
7152.10
7152.80
7153.49
7154.18
7154.87
7155.56
7156.26
7156.95
7157.64
7158.33
7159.03
7159.72
7160.41
7161.10
7161.80
7162.49
7163.18
7163.87
7164.56
7165.26
7165.95
7166.64
7167.33
7168.03
7168.72
7169.41
7170.10
7170.80
7171.49
7172.18
7172.87
7173.56
7174.26
7174.95
7175.64
7176.33
7177.03
7177.72
7178.41
7179.10
7179.79
7180.49
7181.18
7181.87
7182.56
7183.26
7183.95
7184.64
7185.33
7186.03
7186.72
7187.41
7188.10
7188.79
7189.49
7190.18
7190.87
7191.56
7192.26
7192.95
7193.64
7194.33
7195.03
7195.72
7196.41
7197.10
7197.79
7198.49
7199.18
7199.87
7200.56
7201.26
7201.95
7202.64
7203.33
7204.03
7204.72
7205.41
7206.10
7206.79
7207.49
7208.18
7208.87
7209.56
7210.26
7210.95
7211.64
7212.33
7213.03
7213.72
7214.41
7215.10
7215.79
7216.49
7217.18
7217.87
7218.56
7219.26
7219.95
7220.64
7221.33
7222.02
7222.72
7223.41
7224.10
7224.79
7225.49
7226.18
7226.87
7227.56
7228.26
7228.95
7229.64
7230.33
7231.02
7231.72
7232.41
7233.10
7233.79
7234.49
7235.18
7235.87
7236.56
7237.26
7237.95
7238.64
7239.33
7240.02
7240.72
7241.41
7242.10
7242.79
7243.49
7244.18
7244.87
7245.56
7246.26
7246.95
7247.64
7248.33
7249.02
7249.72
7250.41
7251.10
7251.79
7252.49
7253.18
7253.87
7254.56
7255.26
7255.95
7256.64
7257.33
7258.02
7258.72
7259.41
7260.10
7260.79
7261.49
7262.18
7262.87
7263.56
7264.25
7264.95
7265.64
7266.33
7267.02
7267.72
7268.41
7269.10
