627
8772.68
8773.61
8774.53
8775.45
8776.38
8777.30
8778.22
8779.15
8780.07
8780.99
8781.92
8782.84
8783.76
8784.69
8785.61
8786.53
8787.46
8788.38
8789.30
8790.23
8791.15
8792.07
8793.00
8793.92
8794.85
8795.77
8796.69
8797.62
8798.54
8799.46
8800.39
8801.31
8802.23
8803.16
8804.08
8805.00
8805.93
8806.85
8807.77
8808.70
8809.62
8810.54
8811.47
8812.39
8813.31
8814.24
8815.16
8816.08
8817.01
8817.93
8818.85
8819.78
8820.70
8821.62
8822.55
8823.47
8824.40
8825.32
8826.24
8827.17
8828.09
8829.01
8829.94
8830.86
8831.78
8832.71
8833.63
8834.55
8835.48
8836.40
8837.32
8838.25
8839.17
8840.09
8841.02
8841.94
8842.86
8843.79
8844.71
8845.63
8846.56
8847.48
8848.40
8849.33
8850.25
8851.18
8852.10
8853.02
8853.95
8854.87
8855.79
8856.72
8857.64
8858.56
8859.49
8860.41
8861.33
8862.26
8863.18
8864.10
8865.03
8865.95
8866.87
8867.80
8868.72
8869.64
8870.57
8871.49
8872.41
8873.34
8874.26
8875.18
8876.11
8877.03
8877.95
8878.88
8879.80
8880.73
8881.65
8882.57
8883.50
8884.42
8885.34
8886.27
8887.19
8888.11
8889.04
8889.96
8890.88
8891.81
8892.73
8893.65
8894.58
8895.50
8896.42
8897.35
8898.27
8899.19
8900.12
8901.04
8901.96
8902.89
8903.81
8904.73
8905.66
8906.58
8907.50
8908.43
8909.35
8910.28
8911.20
8912.12
8913.05
8913.97
8914.89
8915.82
8916.74
8917.66
8918.59
8919.51
8920.43
8921.36
8922.28
8923.20
8924.13
8925.05
8925.97
8926.90
8927.82
8928.74
8929.67
8930.59
8931.51
8932.44
8933.36
8934.28
8935.21
8936.13
8937.05
8937.98
8938.90
8939.83
8940.75
8941.67
8942.60
8943.52
8944.44
8945.37
8946.29
8947.21
8948.14
8949.06
8949.98
8950.91
8951.83
8952.75
8953.68
8954.60
8955.52
8956.45
8957.37
8958.29
8959.22
8960.14
8961.06
8961.99
8962.91
8963.83
8964.76
8965.68
8966.61
8967.53
8968.45
8969.38
8970.30
8971.22
8972.15
8973.07
8973.99
8974.92
8975.84
8976.76
8977.69
8978.61
8979.53
8980.46
8981.38
8982.30
8983.23
8984.15
8985.07
8986.00
8986.92
8987.84
8988.77
8989.69
8990.61
8991.54
8992.46
8993.38
8994.31
8995.23
8996.16
8997.08
8998.00
8998.93
8999.85
9000.77
9001.70
9002.62
9003.54
9004.47
9005.39
9006.31
9007.24
9008.16
9009.08
9010.01
9010.93
9011.85
9012.78
9013.70
9014.62
9015.55
9016.47
9017.39
9018.32
9019.24
9020.16
9021.09
9022.01
9022.93
9023.86
9024.78
9025.71
9026.63
9027.55
9028.48
9029.40
9030.32
9031.25
9032.17
9033.09
9034.02
9034.94
9035.86
9036.79
9037.71
9038.63
9039.56
9040.48
9041.40
9042.33
9043.25
9044.17
9045.10
9046.02
9046.94
9047.87
9048.79
9049.71
9050.64
9051.56
9052.48
9053.41
9054.33
9055.26
9056.18
9057.10
9058.03
9058.95
9059.87
9060.80
9061.72
9062.64
9063.57
9064.49
9065.41
9066.34
9067.26
9068.18
9069.11
9070.03
9070.95
9071.88
9072.80
9073.72
9074.65
9075.57
9076.49
9077.42
9078.34
9079.26
9080.19
9081.11
9082.04
9082.96
9083.88
9084.81
9085.73
9086.65
9087.58
9088.50
9089.42
9090.35
9091.27
9092.19
9093.12
9094.04
9094.96
9095.89
9096.81
9097.73
9098.66
9099.58
9100.50
9101.43
9102.35
9103.27
9104.20
9105.12
9106.04
9106.97
9107.89
9108.81
9109.74
9110.66
9111.59
9112.51
9113.43
9114.36
9115.28
9116.20
9117.13
9118.05
9118.97
9119.90
9120.82
9121.74
9122.67
9123.59
9124.51
9125.44
9126.36
9127.28
9128.21
9129.13
9130.05
9130.98
9131.90
9132.82
9133.75
9134.67
9135.59
9136.52
9137.44
9138.36
9139.29
9140.21
9141.14
9142.06
9142.98
9143.91
9144.83
9145.75
9146.68
9147.60
9148.52
9149.45
9150.37
9151.29
9152.22
9153.14
9154.06
9154.99
9155.91
9156.83
9157.76
9158.68
9159.60
9160.53
9161.45
9162.37
9163.30
9164.22
9165.14
9166.07
9166.99
9167.92
9168.84
9169.76
9170.69
9171.61
9172.53
9173.46
9174.38
9175.30
9176.23
9177.15
9178.07
9179.00
9179.92
9180.84
9181.77
9182.69
9183.61
9184.54
9185.46
9186.38
9187.31
9188.23
9189.15
9190.08
9191.00
9191.92
9192.85
9193.77
9194.69
9195.62
9196.54
9197.47
9198.39
9199.31
9200.24
9201.16
9202.08
9203.01
9203.93
9204.85
9205.78
9206.70
9207.62
9208.55
9209.47
9210.39
9211.32
9212.24
9213.16
9214.09
9215.01
9215.93
9216.86
9217.78
9218.70
9219.63
9220.55
9221.47
9222.40
9223.32
9224.24
9225.17
9226.09
9227.02
9227.94
9228.86
9229.79
9230.71
9231.63
9232.56
9233.48
9234.40
9235.33
9236.25
9237.17
9238.10
9239.02
9239.94
9240.87
9241.79
9242.71
9243.64
9244.56
9245.48
9246.41
9247.33
9248.25
9249.18
9250.10
9251.02
9251.95
9252.87
9253.79
9254.72
9255.64
9256.57
9257.49
9258.41
9259.34
9260.26
9261.18
9262.11
9263.03
9263.95
9264.88
9265.80
9266.72
9267.65
9268.57
9269.49
9270.42
9271.34
9272.26
9273.19
9274.11
9275.03
9275.96
9276.88
9277.80
9278.73
9279.65
9280.57
9281.50
9282.42
9283.35
9284.27
9285.19
9286.12
9287.04
9287.96
9288.89
9289.81
9290.73
9291.66
9292.58
9293.50
9294.43
9295.35
9296.27
9297.20
9298.12
9299.04
9299.97
9300.89
9301.81
9302.74
9303.66
9304.58
9305.51
9306.43
9307.35
9308.28
9309.20
9310.12
9311.05
9311.97
9312.90
9313.82
9314.74
9315.67
9316.59
9317.51
9318.44
9319.36
9320.28
9321.21
9322.13
9323.05
9323.98
9324.90
9325.82
9326.75
9327.67
9328.59
9329.52
9330.44
9331.36
9332.29
9333.21
9334.13
9335.06
9335.98
9336.90
9337.83
9338.75
9339.67
9340.60
9341.52
9342.45
9343.37
9344.29
9345.22
9346.14
9347.06
9347.99
9348.91
9349.83
9350.76
